123 351 355 26
92 365 30 361
123 706 355 25
450 611 185 118
554 610 81 399
770 611 536 24
770 802 537 25
1281 628 26 199
612 963 697 27
771 450 536 25
1282 284 25 191
770 258 537 25
635 87 685 32
440 120 195 258
1292 87 778 35
1289 961 790 70
2025 961 762 72
2728 961 724 40
3090 961 464 27
3487 929 165 45
3616 898 148 39
3744 867 212 54
3872 833 181 78
4001 802 129 52
4129 770 227 59
4255 737 200 66
4385 706 171 68
4512 674 155 66
4639 642 159 69
4766 416 157 281
2046 20 735 104
2773 74 307 51
3071 63 222 94
3291 94 225 30
3488 120 156 35
3615 139 144 50
3743 162 205 59
3871 189 158 63
4000 229 158 55
4127 265 167 50
4256 298 159 50
4385 336 156 44
4511 366 150 48
4642 399 135 45
450 332 185 143
