67 325 413 56
22 289 105 455
85 704 417 46
449 608 189 384
448 351 191 129
607 94 33 384
578 79 702 49
1278 94 34 353
1120 417 192 30
1120 415 31 192
928 576 223 31
768 255 382 31
960 270 32 177
768 415 224 29
768 416 32 416
768 800 190 32
928 736 30 64
608 958 510 32
1088 737 32 253
1088 737 222 28
1281 736 30 94
1281 799 188 32
1121 576 188 28
1311 86 713 38
1441 256 382 29
1118 960 576 44
1512 959 666 44
1712 960 755 47
1440 416 29 412
1440 416 253 29
1824 256 29 317
1600 576 251 28
1600 577 26 220
1600 799 157 29
1760 736 28 92
1921 736 346 92
2116 704 151 124
1984 380 188 354
1984 122 284 259
2400 704 198 336
2495 314 92 389
2400 256 95 124
2268 92 749 31
2464 224 112 43
2528 192 413 29
2963 81 334 44
2931 256 137 43
3200 126 95 254
2975 255 94 125
3200 320 166 61
2895 335 77 365
3296 322 75 379
3200 704 158 58
2924 703 144 57
3020 704 48 295
3201 705 68 124
3269 786 113 43
3011 959 637 49
3422 455 63 372
3617 640 27 317
3517 479 159 29
3648 416 28 90
3648 257 158 27
3808 256 28 382
2894 224 110 40
3457 66 60 411
3458 79 509 44
3776 640 60 29
3644 959 657 47
3776 801 513 27
3968 124 28 193
3996 318 161 31
4128 256 29 92
3968 480 29 157
3968 640 158 28
4128 481 29 187
4128 481 188 27
4288 257 28 251
3776 801 511 27
4288 642 28 319
4448 385 28 283
4609 609 28 219
4449 801 188 27
3998 79 465 45
4449 123 28 129
4448 120 29 132
4928 118 49 141
4608 256 29 221
4608 256 319 26
4769 800 315 28
4768 416 28 383
4928 283 29 511
4477 76 511 48
4319 961 1282 42
5069 350 47 450
5039 123 269 65
5039 61 213 62
5618 962 93 75
5633 490 109 551
5633 130 113 585
5441 3 257 184
5056 121 385 66
5053 136 62 226
101 277 6 4
212 395 0 0
229 475 1 0
256 443 0 0
256 443 0 0
256 443 0 0
256 443 0 0
1377 484 0 0
139 253 0 0
140 246 0 1
255 642 0 0
284 443 0 0
