     0     0    32    43
    32     0    32    43
    64     0    32    43
    96     0    32    43

     0    48    30    43
    32    48    30    43
    64    48    30    43
    96    48    30    43

     0    97    30    42
    32    97    30    42
    64    97    30    42
    96    97    30    42

     0   145    32    42
    32   145    32    42
    64   145    32    42
    96   145    32    42



     0   193    32    42
    32   193    32    42
    64   193    32    42
    96   193    32    42

     0   241    30    43
    32   241    30    43
    64   241    30    43
    96   241    30    43

     0   290    30    42
    32   290    30    42
    64   290    30    42
    96   290    30    42

     0   338    32    42
    32   338    32    42
    64   338    32    42
    96   338    32    42
