800  720 1
782  287 2
846  287 2
910  287 2
974  287 2
782  435 1
846  435 1
910  435 1
974  435 1
1455 260 1
1836 330 1
2277 220 1
2557 368 1
2731 543 1
2421 745 1
2252 849 1
1915 849 1
1676 727 1
1449 557 1
1671 430 1
1943 651 1
2188 428 1
2655 351 1
3190 519 1
3203 913 1
3449 752 1
3798 752 1
3901 530 1
3758 381 1
3395 246 1
3564 464 1
4192 464 1
4341 619 1
4601 593 1
4511 451 1
2297 579 1 
2545 216 1
2987 341 1
3739 642 1
3139 731 1
2707 844 1
2930 916 1
2076 916 1
1578 916 1
1415 812 1
1685 205 1
1494 414 1
1371 622 1
1743 578 1
1245 594 1
1245 477 2
1315 563 4
1315 448 4
1330 563 3
1330 448 3