     0     0    28    34
    32     0    28    34
    64     0    28    32
    96     0    28    32

     0    36    24    34
    32    36    24    34
    64    36    24    32
    96    36    24    32

     0    72    24    34
    32    72    24    34
    64    72    24    32
    96    72    24    32

     0   108    28    34
    32   108    28    34
    64   108    28    32
    96   108    28    32



     0   144    24    34
    30   144    28    32
    64   144    24    34
    94   144    28    32

     0   180    24    34
    32   180    24    32
    64   180    24    34
    96   180    24    32

     0   216    24    34
    32   216    24    32
    64   216    24    34
    96   216    24    32

     0   252    24    34
    30   252    28    32
    64   252    24    34
    94   252    28    32
