     0     0    32    43
    32     0    32    43
    64     0    32    43
    96     0    32    43

     0    48    30    43
    32    48    30    43
    64    48    30    43
    96    48    30    43

     0    97    30    42
    32    97    30    42
    64    97    30    42
    96    97    30    42

     0   145    32    42
    32   145    32    42
    64   145    32    42
    96   145    32    42



     0   192    32    42
    32   192    32    42
    64   192    32    42
    96   192    32    42

     0   240    30    43
    32   240    30    43
    64   240    30    43
    96   240    30    43

     0   288    30    42
    32   288    30    42
    64   288    30    42
    96   288    30    42

     0   337    32    42
    32   337    32    42
    64   337    32    42
    96   337    32    42
